4
0 0 0 0 7 0 0 0 8 4 0 0 0 5 3 15
6 3 15 0 0 12 0 14 11 0 0 2 9 16 8 13
11 7 0 9 0 0 0 3 16 13 5 12 0 2 6 10
0 12 10 0 0 0 8 2 0 0 0 0 11 0 4 0
0 2 0 0 0 1 0 15 9 0 12 4 0 11 5 0
0 0 0 15 0 0 16 4 7 0 0 11 0 13 0 0
0 0 0 11 0 8 0 9 15 1 0 0 0 4 0 16
0 4 0 8 13 0 0 12 5 14 6 3 0 1 15 7
0 11 3 6 9 14 2 16 13 12 8 15 4 10 1 0
0 1 0 0 11 0 0 10 0 0 16 0 15 0 0 0
12 0 5 0 0 6 0 1 0 10 0 9 0 0 13 0
8 15 4 10 0 0 3 13 2 0 0 0 0 0 0 6
4 0 2 12 14 0 0 7 6 5 3 0 0 15 0 0
1 8 6 16 2 4 0 5 0 0 0 0 13 0 10 0
15 0 14 0 1 0 6 11 10 0 0 16 5 12 2 0
0 9 11 3 15 10 0 0 0 0 0 0 0 6 7 0