n: 50
c: 159995

13935 13930
13563 13558
14462 14457
14981 14976
14860 14855
12980 12975
12434 12429
13120 13115
14155 14150
13485 13480
11355 11350
12275 12270
10665 10660
12707 12702
10703 10698
12586 12581
10799 10794
10101 10096
12230 12225
11285 11280
12628 12623
10322 10317
12508 12503
10160 10155
11094 11089
11142 11137
10432 10427
10906 10901
12062 12057
11580 11575
14023 14018
13748 13743
14567 14562
14905 14900
14870 14865
12890 12885
12467 12462
13145 13140
14175 14170
13510 13505
11475 11470
12345 12340
10745 10740
12760 12755
10801 10796
12645 12640
10879 10874
10230 10225
12305 12300
11305 11300
