n_sommets 14
oriente 0
value 1
DEBUT_DEF_ARETES
0 1 3
0 2 4
0 3 2
0 4 7
0 5 5
0 6 1
0 7 8
0 8 9
0 9 2
0 10 6
0 11 5
0 12 7
0 13 4
1 2 4
1 3 7
1 4 3
1 5 6
1 6 2
1 7 9
1 8 4
1 9 3
1 10 5
1 11 7
1 12 6
1 13 8
2 3 5
2 4 8
2 5 4
2 6 3
2 7 6
2 8 7
2 9 5
2 10 8
2 11 6
2 12 5
2 13 4
3 4 6
3 5 7
3 6 5
3 7 2
3 8 8
3 9 6
3 10 7
3 11 4
3 12 8
3 13 5
4 5 2
4 6 3
4 7 4
4 8 6
4 9 5
4 10 3
4 11 8
4 12 7
4 13 6
5 6 6
5 7 3
5 8 5
5 9 2
5 10 4
5 11 6
5 12 5
5 13 7
6 7 5
6 8 2
6 9 4
6 10 3
6 11 7
6 12 4
6 13 6
7 8 7
7 9 6
7 10 5
7 11 8
7 12 6
7 13 4
8 9 3
8 10 7
8 11 6
8 12 5
8 13 4
9 10 6
9 11 4
9 12 3
9 13 5
10 11 5
10 12 8
10 13 7
11 12 7
11 13 5
12 13 6
FIN_DEF_ARETES
